b<-c(1,2,4)
b